b0 = 9.999999999999744
bHill = -9.999999020861708
EC50 = 1.2310977396025191
h = 4.9999995174925616
bPH2 = 4.2044580263127
bAW = 4.999999848961098
bTg = -0.9967569683923092
bPrT = -0.06432670662601465
bPrM = -0.2468956925006446
bWT = 0.9761564532943546
bWM = -0.08375469749940267
bSDS = -3.5083352238172404e-16
bEDTA = 7.389240849576765e-16
p_shape = 0.1612093868723134
pH_opt = 6.050658307286078
aw_ref = 0.999999999999999
rmse = 0.9281774693884817
