b0 = 9.999999999999998
bHill = -9.999999999056914
EC50 = 1.2311017671148035
h = 4.999999999706361
bPH2 = 4.204668481382558
bAW = 4.999999999999944
bTg = -0.99
bPrT = -0.06433406343044806
bPrM = -0.24689779943061496
bWT = -0.7592171204975111
bWM = -0.5791073701053084
bSDS = -0.5000000000000074
bEDTA = -0.49999999999999944
p_shape = 0.16121063429460233
pH_opt = 6.050633901287575
aw_ref = 0.9999999999962066
rmse = 0.9281774651384281
