b0 = 9.999999999999998
bHill = -9.999999999999993
EC50 = 472.1274759359564
h = 4.999999999999745
bPH2 = -4.263397830242032
bT = 0.8792529793238966
p_shape = 0.13201670794196113
pH_opt = 5.008210001056566
Tref = 7.0
rmse = 0.5438283336222937
